900 2221.0
1800 2182.0
2700 2194.0
3600 2166.0
4500 2519.0
5400 2457.0
6300 2435.0
7200 2419.0
8100 2445.0
9000 2386.0
9900 2399.0
10800 2397.0
11700 2135.0
12600 2061.0
13500 2058.0
14400 2025.0
15300 1935.0
16200 1907.0
17100 1911.0000000000002
18000 1880.0000000000002
18900 1790.0
19800 1744.0
20700 1750.0
21600 1742.0
22500 1780.0
23400 1736.0
24300 1753.0
25200 1715.0
26100 2187.0
27000 2093.0
27900 2054.0
28800 2082.0
29700 2050.0
30600 1977.0
31500 1994.0
32400 1981.0
33300 2306.0
34200 2285.0
35100 2304.0
36000 2276.0
36900 2282.0
37800 2270.0
38700 2305.0
39600 2277.0
40500 2670.0
41400 2534.0
42300 2495.0
43200 2490.0
44100 2306.0
45000 2309.0
45900 2300.0
46800 2279.0
47700 2086.0
48600 2044.0000000000002
49500 2069.0
50400 2085.0
