900 2216.0
1800 2178.0
2700 2197.0
3600 2172.0
4500 2495.0
5400 2470.0
6300 2442.0
7200 2409.0
8100 2447.0
9000 2396.0
9900 2406.0
10800 2385.0
11700 2161.0
12600 2068.0
13500 2049.0
14400 2023.9999999999998
15300 1940.0
16200 1913.9999999999998
17100 1922.0
18000 1903.0
18900 1784.0
19800 1742.0
20700 1746.0
21600 1750.0
22500 1781.0
23400 1751.0
24300 1743.0
25200 1717.0
26100 2201.0
27000 2075.0
27900 2068.0
28800 2061.0
29700 2046.9999999999998
30600 1990.0000000000002
31500 2023.9999999999998
32400 1944.9999999999998
33300 2323.0
34200 2288.0
35100 2316.0
36000 2275.0
36900 2280.0
37800 2267.0
38700 2306.0
39600 2283.0
40500 2688.0
41400 2522.0
42300 2493.0
43200 2514.0
44100 2293.0
45000 2315.0
45900 2307.0
46800 2267.0
47700 2083.0
48600 2057.0
49500 2075.0
50400 2082.0
