900 24.23962500000004
1800 29.680273148148093
2700 31.412986111111106
3600 32.26929166666671
4500 43.97185648148146
5400 47.81508796296284
6300 49.689800925926015
7200 49.904810185185326
8100 49.75017129629636
9000 47.15056018518516
9900 41.035189814814714
10800 39.19179629629624
11700 42.757194444444494
12600 32.85964814814809
13500 34.23280555555552
14400 35.18868055555554
15300 32.5593842592593
16200 32.162625000000006
17100 31.66325462962954
18000 32.51223611111111
18900 32.68716203703701
19800 31.39248611111104
20700 31.54951388888887
21600 30.879912037037016
22500 30.442907407407358
23400 30.028736111111176
24300 31.37800462962955
25200 29.982981481481566
26100 47.24563888888895
27000 56.62605092592576
27900 54.807819444444426
28800 53.402712962962916
29700 54.43305092592607
30600 48.357611111111105
31500 49.082069444444464
32400 52.50661111111098
33300 57.56772222222217
34200 62.437328703703784
35100 59.50823611111102
36000 68.75571296296303
36900 63.83236111111121
37800 62.5918472222222
38700 58.909870370370335
39600 61.842351851851895
40500 84.71901388888878
41400 104.736949074074
42300 100.95221296296268
43200 100.72420833333332
44100 100.58196296296312
45000 87.45906481481484
45900 83.9039953703703
46800 79.97330555555561
47700 87.08695833333336
48600 81.7391157407409
49500 91.13730555555563
50400 90.80066203703734
