900 22.71096570397112
1800 26.918527708850288
2700 27.150471504715046
3600 27.885343762865375
4500 32.6190650109569
5400 35.56576608602915
6300 35.56353688669255
7200 35.606319832402235
8100 36.703011422637594
9000 37.77293337983955
9900 37.14503682918274
10800 34.50533997864009
11700 34.59376225970969
12600 26.93228039809606
13500 27.0832246849196
14400 27.88876651982379
15300 29.191577973160573
16200 29.8390507518797
17100 29.325722273998135
18000 28.96179245283019
18900 28.548363095238095
19800 28.25715015321757
20700 28.748079877112136
21600 29.57061855670103
22500 29.672930421533774
23400 29.312883435582823
24300 28.94913530010173
25200 28.898138572905893
26100 32.77791666666667
27000 34.7027306578403
27900 36.19404220107571
28800 37.12474226804124
29700 34.62505175983437
30600 35.7114556416882
31500 35.10255319148936
32400 37.71194941125164
33300 36.381368821292774
34200 37.92275810097966
35100 36.9314381270903
36000 38.11250925240562
36900 37.96749628528975
37800 38.499062968515744
38700 37.12798062593144
39600 37.877719429857464
40500 40.80009696186167
41400 41.59336686576548
42300 42.901222953904046
43200 42.86043956043956
44100 43.28125
45000 42.634070490670354
45900 40.13571676501215
46800 39.92827298050139
47700 40.17062314540059
48600 39.511605415860735
49500 41.00271002710027
50400 41.47686625194401
