900 24.022837962962964
1800 28.61081018518519
2700 32.87153240740733
3600 34.689143518518556
4500 44.17711574074067
5400 47.999106481481505
6300 49.47227777777772
7200 50.307245370370275
8100 47.79956481481481
9000 43.024217592592564
9900 37.753958333333316
10800 36.51880555555566
11700 40.80551851851857
12600 32.50243518518521
13500 34.69896296296297
14400 34.5291018518519
15300 31.32736574074072
16200 32.108259259259206
17100 31.609425925925894
18000 32.374740740740734
18900 31.22301388888887
19800 31.117893518518496
20700 31.331611111111197
21600 30.819736111111226
22500 30.359916666666646
23400 29.737189814814833
24300 30.819736111111162
25200 30.00820833333346
26100 46.07628703703707
27000 55.95218518518527
27900 54.099402777777776
28800 51.69840277777778
29700 55.89635185185174
30600 46.79808333333338
31500 49.31610185185188
32400 49.95802314814824
33300 57.5068194444444
34200 60.54730555555574
35100 67.47468055555561
36000 68.54030555555553
36900 69.39868055555563
37800 67.57552314814812
38700 65.37615277777763
39600 63.354509259259316
40500 86.40811111111108
41400 104.38537962962997
42300 99.79926388888893
43200 100.08476388888887
44100 97.75087037037066
45000 89.95513888888908
45900 84.46387037037034
46800 81.49645833333341
47700 87.12388425925924
48600 87.93180092592588
49500 87.64047222222212
50400 88.60263888888893
