900 22.65556055830707
1800 26.190161223646136
2700 27.310627821091504
3600 28.61111111111111
4500 33.12731229597389
5400 35.93816442239547
6300 35.602863202545066
7200 35.77186843946816
8100 37.078856152513
9000 37.05076495132128
9900 35.401688357368975
10800 33.823581560283685
11700 33.670683524298695
12600 27.214505494505495
13500 27.29335071707953
14400 27.59775429326288
15300 28.91453785415699
16200 29.3024516737388
17100 29.318691588785047
18000 28.799571020019066
18900 28.474352589641434
19800 27.845463864684778
20700 28.67858967807869
21600 29.337900723888314
22500 29.512683916793506
23400 29.043276661514682
24300 28.98191543555782
25200 28.96541861674467
26100 32.866457023060796
27000 35.872779843040064
27900 35.97454470198676
28800 37.03682487725041
29700 35.56694214876033
30600 35.4731529209622
31500 34.40999138673557
32400 35.287510841283606
33300 35.06689602446483
34200 35.467527535131026
35100 37.444112149532714
36000 38.25994054254924
36900 38.461481481481485
37800 38.6165609847072
38700 37.81349647756767
39600 36.77119910347404
40500 40.333333333333336
41400 42.05101394169835
42300 42.2867877269881
43200 42.30544131603923
44100 43.04841459256734
45000 41.97745404092959
45900 39.76897632311978
46800 39.43408695652174
47700 40.88954781319496
48600 39.64360668480373
49500 40.938981733385155
50400 41.86833916763905
