69 15 38 16 41
145 13 31 22 80
209 12 39 19 82
277 11 44 22 79
347 11 51 17 77
422 13 49 20 81
496 12 55 22 85
570 13 58 24 85
645 13 60 24 88
720 12 65 20 88
795 12 67 20 91
870 12 67 25 97
945 11 67 19 98
1020 12 68 22 99
1095 14 73 22 99
1170 14 73 23 106
1245 12 78 22 108
1320 12 82 22 112
1395 12 81 21 115
1470 14 83 21 117
1545 12 83 18 117
1620 16 84 22 121
1695 12 84 23 126
1769 12 87 20 129
1844 11 91 21 127
1919 13 90 21 133
1994 14 95 21 138
2069 14 95 23 140
2144 10 98 21 145
2218 14 99 24 143
2293 13 107 24 145
2368 12 107 19 150
2443 13 106 22 155
2518 13 109 21 158
2593 13 110 20 165
2668 12 110 21 164
2742 12 112 21 166
2816 12 112 23 167
2890 14 114 21 171
2965 13 112 20 169
3039 13 110 23 169
3113 14 112 20 172
3187 12 112 20 170
3261 12 115 20 171
3335 12 113 22 175
3409 15 115 21 176
3484 16 112 21 176
3558 12 114 20 181
3630 29 112 21 179
3705 18 110 26 198
3775 18 114 23 199
3847 19 108 24 212
3915 18 114 24 217
3985 20 114 24 216
4055 16 112 21 219
4123 18 112 22 219
4191 18 116 23 224
4259 20 115 23 223
4329 23 113 23 224
4399 18 113 20 225
4467 16 116 21 219
4535 18 113 25 219
4603 19 114 23 218
4673 19 115 22 214
4743 17 116 25 220
4811 18 115 23 217
4881 15 115 26 212
4949 19 117 24 213
5019 16 114 24 218
5087 22 118 27 225
5157 19 112 23 218
5225 17 113 23 222
5293 18 115 24 223
5361 16 114 25 221
5429 22 117 27 218
5499 19 113 23 228
5567 20 114 22 225
5635 17 113 23 224
5703 16 112 23 228
5769 22 118 21 228
5839 17 113 22 231
5905 20 116 23 220
5975 18 112 25 217
6043 19 113 23 217
6113 16 114 21 225
6181 15 114 21 220
6249 17 116 21 219
6319 19 113 21 218
6389 20 114 25 221
6459 19 112 25 225
6527 19 112 26 224
6595 17 112 24 221
6663 19 111 24 222
6731 18 112 24 217
6799 17 112 23 219
6867 20 110 22 218
6937 18 111 25 220
7005 14 111 24 218
7071 17 114 23 220
7139 18 113 22 225
7207 21 114 24 220
7277 21 112 20 225
7347 18 112 23 237
7413 18 111 21 245
7479 18 107 24 253
7541 20 107 23 256
7605 21 108 22 257
7669 17 108 23 259
7731 20 105 25 259
7793 18 111 23 260
7857 20 107 24 262
7919 17 109 23 258
7981 17 109 22 255
8045 17 107 23 256
8107 17 110 22 259
8169 18 108 23 256
8231 20 107 24 252
8295 18 110 22 258
8359 16 108 21 257
8421 20 108 21 254
8485 17 109 23 252
8549 18 110 22 257
8613 17 105 25 252
8675 19 108 23 248
8739 18 108 23 256
8801 18 110 23 256
8865 18 110 21 255
8929 17 107 23 255
8991 17 110 20 253
9055 18 109 23 258
9117 16 108 22 261
9179 20 111 21 272
9241 19 109 24 270
9303 16 109 21 270
9365 18 108 24 270
9427 16 110 21 264
9489 15 109 24 258
9551 18 106 20 256
9613 22 108 21 257
9677 17 103 20 260
9739 19 108 23 259
9801 17 107 20 256
9863 20 110 23 253
9927 16 106 24 252
9989 18 110 21 251
10053 17 110 23 252
10117 20 109 21 252
10181 17 111 25 253
10245 16 108 23 254
10307 20 110 20 254
10371 20 108 24 255
10435 17 108 22 254
10497 20 107 20 258
10561 18 110 23 253
10625 17 111 23 254
10689 16 108 22 256
10751 17 108 21 252
10815 30 110 20 252
10883 21 110 23 248
10949 16 107 20 218
11017 21 107 20 198
11089 18 106 25 196
11159 17 107 23 192
11229 21 106 26 185
11301 19 102 23 169
11375 19 105 22 155
11450 18 102 24 141
11525 14 100 24 124
11600 18 101 26 115
11675 17 99 25 102
11750 18 92 25 98
11825 16 90 25 92
11900 16 90 25 87
11975 18 89 24 85
12050 16 88 27 87
12125 16 87 26 83
12200 17 86 25 78
12275 13 84 26 73
12350 14 78 26 72
12425 16 73 25 67
12500 17 70 27 65
12575 16 62 26 60
12650 17 61 23 62
12725 18 55 27 61
12800 17 50 25 59
12875 17 46 24 55
12950 15 46 24 53
13025 17 45 25 57
13100 18 49 25 54
13175 14 40 27 57
13250 19 43 25 55
13325 18 37 26 57
13400 19 39 27 55
13475 18 35 26 55
13550 17 37 25 53
13625 16 39 27 54
13700 18 40 23 55
13775 19 41 26 56
13850 17 43 28 56
13925 16 43 24 53
14000 16 40 23 55
14075 20 41 26 55
14150 15 37 27 57
14225 19 40 24 53
14300 17 42 24 55
14375 17 38 25 58
14450 24 41 33 63
14525 16 40 23 54
14600 15 39 25 53
14675 17 41 25 54
14750 17 40 24 56
14825 19 41 25 54
14900 13 42 23 55
14975 17 41 23 53
15050 14 39 24 54
15125 19 42 23 52
15200 15 35 25 55
15275 16 39 26 53
15350 15 44 22 57
15425 15 40 24 54
15500 15 41 24 55
15575 13 42 25 53
15650 19 44 24 55
15725 14 38 26 57
15800 20 44 25 54
15875 18 39 24 61
15950 13 42 24 55
16025 16 43 23 56
16100 16 41 25 59
16175 19 45 24 58
16250 15 41 24 65
16325 18 51 24 58
16400 12 49 26 60
16475 17 51 26 61
16550 16 48 26 61
16625 18 49 25 60
16700 15 49 24 60
16775 14 46 23 60
16850 21 45 23 56
16925 16 37 25 60
17000 17 38 26 54
17075 14 38 26 57
17150 15 40 26 57
17225 19 39 24 60
17300 17 40 23 59
17375 14 43 25 57
17450 15 45 27 60
17525 17 45 26 61
17600 17 48 23 62
17675 18 51 22 60
17750 14 42 27 61
17825 14 45 25 58
17900 17 45 24 60
17975 16 44 24 59
18050 26 41 32 69
18125 11 42 26 55
18200 13 43 26 53
18275 9 45 26 53
18350 15 44 26 49
18425 10 40 26 52
18500 9 43 26 46
18575 11 43 27 44
18650 11 40 25 45
18725 9 41 25 40
18800 11 38 25 41
18875 13 38 25 40
18950 9 33 26 44
19024 12 36 26 37
19099 12 34 25 43
19174 9 32 26 41
19248 13 38 27 40
19323 10 36 25 42
19398 11 37 25 41
19473 11 37 28 40
19548 15 33 26 43
19623 9 31 27 42
19695 10 33 23 39
19770 10 32 26 42
19845 10 34 28 42
19920 12 36 25 41
19995 7 35 29 44
20067 17 38 26 36
20142 12 31 27 47
20216 11 35 28 40
20291 12 35 26 40
20366 12 34 26 41
20441 11 32 24 39
20516 11 32 26 39
20591 13 32 25 39
20666 9 30 26 46
20736 10 40 26 38
20811 8 38 26 41
20886 10 37 26 40
20961 12 38 24 42
21036 9 38 29 42
21111 13 40 26 40
21186 13 36 27 44
21261 13 36 26 42
21336 11 37 28 43
21411 11 36 25 39
21486 11 33 27 42
21560 9 32 26 38
21635 16 41 36 39
21710 11 39 27 40
21784 9 36 27 38
21859 8 35 29 38
21933 12 31 25 37
22008 13 31 27 38
22083 11 31 29 35
22158 11 30 31 38
22233 15 34 27 37
22308 8 34 26 38
22383 9 34 27 37
22458 12 33 26 35
22533 12 33 31 34
22608 13 30 30 36
22682 11 34 31 35
22757 10 33 28 36
22832 13 30 27 37
22906 10 30 29 36
22981 11 30 29 35
23056 13 32 27 36
23131 11 30 28 38
23205 14 33 25 36
23280 9 30 27 37
23355 10 29 27 37
23430 14 32 30 35
23504 11 32 27 35
23579 13 29 26 37
23654 13 29 29 37
23729 10 30 25 38
23804 11 30 28 35
23879 10 32 29 38
23954 11 35 27 35
24029 15 29 30 36
24104 11 33 30 38
24179 11 35 29 36
24254 12 33 24 34
24329 9 32 30 37
24404 12 33 27 35
24478 11 31 26 35
24552 14 32 30 39
24627 14 32 30 35
24702 10 33 30 35
24777 9 34 27 35
24852 11 33 27 36
24927 10 36 27 35
25002 13 36 26 36
25077 11 32 30 38
25152 10 35 28 30
25227 18 36 30 35
25302 11 28 27 89
25360 9 30 26 90
25433 12 29 27 103
25506 12 30 29 110
25579 10 34 27 126
25652 12 33 28 138
25725 10 32 27 145
25798 11 32 28 155
25871 10 31 28 148
25944 10 32 27 149
26017 10 31 30 148
26090 8 33 26 141
26163 15 34 28 152
26236 9 32 26 156
26309 11 39 29 147
26382 10 38 29 136
26455 10 39 27 152
26528 11 41 29 160
26601 12 42 30 174
26674 11 45 31 164
26747 11 47 27 160
26820 10 48 29 164
26893 13 50 28 159
26966 9 53 30 172
27039 15 55 28 173
27112 10 55 29 176
27185 11 60 28 174
27258 12 61 30 178
27331 12 61 28 180
27404 10 63 30 186
27477 11 65 28 187
27550 10 67 29 177
27623 12 68 27 176
27696 9 71 29 170
27769 12 71 29 168
27842 9 74 27 167
27915 14 72 27 163
27988 11 76 28 162
28061 11 73 28 163
28134 11 75 29 161
28207 12 75 28 167
28280 10 76 28 171
28353 12 79 28 173
28426 10 80 28 163
28499 10 83 28 150
28572 9 81 28 153
28645 9 84 28 162
28718 12 86 28 165
28791 9 86 27 156
28864 22 99 28 152
28939 14 95 30 129
29014 13 102 32 144
29089 11 104 31 150
29164 14 105 31 157
29239 14 108 29 141
29314 13 103 30 141
29389 13 105 31 137
29464 13 102 31 151
29539 14 104 30 154
29614 14 107 30 167
29689 12 105 33 162
29764 12 107 32 177
29837 16 108 32 184
29910 11 108 32 182
29983 14 108 32 183
30056 14 108 31 178
30129 12 107 33 176
30202 14 109 32 172
30277 14 106 35 178
30350 14 107 33 172
30425 14 109 31 168
30500 13 108 33 155
30575 12 105 30 151
30650 16 106 33 155
30725 11 107 30 158
30800 14 109 32 161
30875 15 103 31 170
30950 13 109 33 172
31025 10 107 30 160
31100 15 108 31 156
31175 12 105 29 147
31250 12 104 31 164
31325 11 105 31 171
31398 11 106 32 169
31471 13 105 32 177
31544 13 106 34 175
31617 13 106 30 184
31690 15 104 33 183
31763 12 106 29 178
31836 13 105 33 169
31909 14 105 34 169
31984 10 109 32 176
32057 15 110 30 165
32132 13 109 30 159
32207 11 108 31 158
32282 15 109 33 160
32357 13 104 32 162
32432 31 107 36 151
32507 18 101 34 165
32582 18 106 37 162
32657 21 106 34 165
32732 23 102 35 157
32807 18 103 34 153
32882 20 104 34 155
32957 25 104 35 157
33032 20 103 32 159
33107 20 104 34 158
33182 24 102 33 163
33257 21 102 32 165
33332 21 106 34 146
33407 18 103 33 135
33482 21 104 33 131
33557 19 100 35 151
33632 21 103 36 157
33707 20 102 35 155
33782 19 101 33 152
33857 20 103 36 149
33932 21 104 34 137
34007 21 99 35 133
34082 20 100 32 138
34157 21 101 33 137
34232 26 99 35 141
34307 22 100 34 137
34382 19 98 32 134
34457 21 101 32 132
34532 20 100 35 131
34607 21 99 34 135
34682 18 99 32 137
34757 21 100 34 123
34832 24 96 36 135
34907 18 99 34 136
34982 21 102 33 133
35057 19 99 34 132
35132 23 102 34 133
35207 19 99 33 131
35282 20 99 31 133
35357 19 99 32 134
35432 20 102 33 132
35507 22 99 35 133
35582 19 101 35 126
35657 20 104 34 128
35732 20 99 34 129
35807 19 100 32 136
35882 17 101 32 139
35957 19 101 33 138
36032 32 104 40 130
36107 12 105 35 125
36182 14 113 32 128
36257 15 115 33 129
36332 13 116 34 134
36407 16 117 35 135
36482 15 117 33 136
36557 15 118 31 133
36632 14 118 33 126
36707 13 116 32 131
36782 14 118 34 134
36857 15 118 34 139
36932 15 119 34 129
37007 15 115 36 136
37082 17 120 34 136
37157 14 119 34 124
37232 13 116 35 129
37307 16 119 34 136
37382 13 117 32 140
37457 16 119 34 133
37532 13 119 32 124
37607 14 116 35 137
37682 14 121 36 135
37757 12 117 32 132
37832 19 118 37 129
37907 13 119 36 137
37982 14 118 34 134
38057 15 119 35 124
38132 13 116 32 136
38207 15 119 35 139
38282 14 120 38 134
38357 14 119 35 132
38432 14 120 33 129
38507 13 116 33 131
38582 15 120 35 128
38657 14 114 34 129
38732 15 118 34 129
38807 14 116 32 133
38882 17 118 32 130
38957 13 115 34 122
39032 14 121 33 132
39107 14 117 33 132
39182 13 116 34 128
39257 14 118 31 135
39332 12 119 33 137
39407 13 118 31 128
39482 13 115 35 132
39557 13 118 33 132
39632 26 121 40 137
39707 15 121 46 146
39782 17 137 60 143
39857 16 140 65 139
39932 15 147 77 145
40007 20 150 77 143
40082 15 153 83 141
40157 16 155 87 135
40232 19 156 93 135
40307 12 156 95 134
40382 17 156 110 127
40457 14 158 113 128
40532 17 159 119 128
40607 15 158 120 140
40681 17 161 127 133
40756 14 161 132 126
40831 18 162 136 131
40906 15 161 139 129
40980 15 163 139 127
41054 19 161 151 127
41128 15 164 150 127
41202 16 165 158 124
41276 17 166 160 119
41350 14 167 159 129
41422 18 167 168 130
41494 15 165 165 135
41566 17 167 173 123
41638 16 168 175 136
41708 16 167 177 151
41776 14 170 181 167
41842 15 167 185 155
41910 12 166 194 139
41985 17 175 199 131
42060 20 176 193 135
42132 15 174 193 136
42202 18 171 196 133
42277 15 175 206 126
42352 15 180 208 131
42427 19 180 208 127
42502 17 179 205 126
42577 18 181 207 121
42652 19 181 207 123
42727 20 181 205 125
42799 16 178 213 127
42874 14 178 216 126
42949 17 183 216 123
43024 15 182 210 125
43099 18 183 208 121
43174 15 183 209 127
43249 19 181 212 128
43324 11 179 215 110
43399 10 174 214 121
43474 9 172 220 126
43549 12 171 217 116
43624 11 170 212 117
43699 11 172 213 113
43774 10 171 212 120
43849 11 171 211 123
43924 14 172 216 122
43999 10 171 213 111
44074 10 171 211 117
44149 13 172 216 122
44224 10 174 215 115
44299 12 173 212 121
44374 10 173 212 118
44449 12 174 219 113
44524 10 174 218 116
44599 8 171 215 116
44674 11 171 213 112
44749 13 169 217 116
44824 11 171 212 112
44899 10 170 210 111
44974 11 169 215 116
45049 16 170 215 110
45124 10 169 210 113
45199 11 171 215 106
45274 10 176 213 115
45349 9 170 216 115
45424 12 172 210 110
45499 10 170 212 109
45574 10 171 215 108
45649 11 170 212 107
45724 11 168 211 109
45799 11 169 212 119
45874 10 166 218 129
45949 11 170 218 130
46024 10 170 215 115
46099 11 168 218 111
46174 11 169 215 112
46249 11 170 216 110
46324 12 171 212 117
46399 10 171 215 121
46474 12 170 210 126
46549 9 171 211 125
46624 10 172 210 128
46699 11 171 216 125
46774 10 172 215 114
46849 16 169 217 107
46924 8 164 207 108
46999 9 163 207 112
47074 10 155 205 106
47149 11 155 206 101
47224 8 146 198 108
47299 9 152 194 106
47374 10 148 187 104
47449 10 150 180 109
47524 11 146 179 104
47599 9 147 170 109
47674 9 147 162 104
47749 11 146 158 113
47819 8 144 151 105
47889 12 140 152 120
47957 8 140 152 122
48025 12 138 154 135
48100 9 138 154 121
48175 8 136 140 129
48241 10 140 128 139
48309 10 139 131 130
48379 10 138 137 139
48447 10 139 136 137
48515 8 136 134 154
48579 9 138 133 139
48647 12 134 132 132
48715 10 136 126 120
48785 8 133 126 117
48855 7 134 129 115
48925 9 132 124 112
48995 11 130 128 110
49065 8 132 132 109
49135 9 131 137 106
49205 12 132 134 114
49275 8 131 131 116
49343 9 131 128 118
49413 11 131 128 120
49483 8 131 130 127
49551 8 132 128 146
49624 9 129 131 129
49690 12 134 131 112
49762 6 125 138 113
49834 9 130 133 112
49906 10 128 137 115
49978 10 128 135 112
50050 9 131 135 117
50122 8 131 132 115
50194 11 131 126 113
50266 8 132 125 106
50338 8 130 125 108
