900 2194.0
1800 2156.0
2700 2175.0
3600 2153.0
4500 2487.0
5400 2449.0
6300 2452.0
7200 2386.0
8100 2429.0
9000 2384.0
9900 2415.0
10800 2374.0
11700 2235.0
12600 2027.0
13500 2033.0
14400 2009.0
15300 1921.0000000000002
16200 1903.0
17100 1915.0
18000 1890.0
18900 1776.0
19800 1723.0
20700 1737.0
21600 1734.0
22500 1770.0
23400 1745.0
24300 1735.0
25200 1708.0
26100 2211.0
27000 2056.0
27900 2044.0000000000002
28800 2049.0
29700 2013.0000000000002
30600 2004.0
31500 1977.9999999999998
32400 1951.0
33300 2292.0
34200 2297.0
35100 2288.0
36000 2256.0
36900 2263.0
37800 2250.0
38700 2303.0
39600 2254.0
40500 2692.0
41400 2516.0
42300 2494.0
43200 2482.0
44100 2292.0
45000 2295.0
45900 2296.0
46800 2267.0
47700 2074.0
48600 2038.0
49500 2063.0
50400 2074.0
