900 22.857888888888883
1800 26.997416666666677
2700 29.24366203703698
3600 30.54949537037038
4500 44.338898148148154
5400 46.65858333333336
6300 49.263768518518674
7200 49.32266203703713
8100 49.161976851851854
9000 45.560138888889085
9900 44.97591203703708
10800 43.779981481481435
11700 48.652074074074136
12600 39.53141666666666
13500 34.212203703703665
14400 34.800037037037065
15300 32.479490740740665
16200 32.05965740740741
17100 30.97410648148145
18000 32.52131481481485
18900 32.1686435185185
19800 31.68571759259259
20700 31.334115740740824
21600 30.85201851851848
22500 30.797847222222167
23400 29.608791666666765
24300 31.218217592592556
25200 30.68841203703705
26100 52.06402314814828
27000 60.328587962963034
27900 53.50002314814807
28800 53.84496759259257
29700 53.690305555555625
30600 45.640166666666694
31500 48.726129629629646
32400 46.002643518518596
33300 54.89073148148148
34200 60.910958333333255
35100 62.10667592592584
36000 62.935615740740744
36900 60.10873148148151
37800 59.25817129629633
38700 56.008953703703625
39600 53.80642592592587
40500 74.99553703703691
41400 105.27288888888897
42300 98.05343055555565
43200 105.00306944444452
44100 101.22920833333337
45000 86.33534722222221
45900 86.12752314814814
46800 84.18161111111127
47700 89.49012962962975
48600 88.06323148148154
49500 89.30125925925934
50400 91.39212962962962
