900 21.482907930720145
1800 25.204869857262803
2700 26.183104452767374
3600 27.462406015037594
4500 32.496678966789666
5400 35.250986016493364
6300 35.73000707714083
7200 34.82847100175747
8100 36.34872777971419
9000 36.73588850174216
9900 37.22891144557228
10800 37.24147727272727
11700 36.00772710139465
12600 30.223015539689207
13500 27.26402278702892
14400 27.9312028406569
15300 29.325924192793636
16200 29.842267552182165
17100 29.474976613657624
18000 28.997865275142313
18900 29.008964143426294
19800 28.08724832214765
20700 28.864690721649485
21600 29.347554630593134
22500 29.880296069423174
23400 29.383076923076924
24300 28.99795501022495
25200 29.355954238169527
26100 34.32475083056478
27000 37.79328112118714
27900 35.96043315285298
28800 36.219875776397515
29700 34.3510951979781
30600 33.48255813953488
31500 34.39810017271157
32400 35.961269146608316
33300 34.97417116422513
34200 35.78511769172361
35100 36.458333333333336
36000 38.039894617990214
36900 38.0933734939759
37800 38.667998477929984
38700 36.72301617149304
39600 36.016742770167426
40500 40.214845024469824
41400 41.983296213808465
42300 42.057402760351316
43200 43.08100381194409
44100 43.41510398908967
45000 42.56567944250871
45900 40.4278224397064
46800 39.925409550365984
47700 41.040626164740964
48600 40.01146076146076
49500 40.854304635761586
50400 42.19793291731669
